50000 0.00199564
70000 0.00283659
90000 0.00367284
110000 0.00500505
130000 0.00545177
150000 0.00644428
170000 0.00992647
190000 0.0111087
210000 0.00926159
230000 0.0103055
250000 0.0116896
270000 0.0149273
290000 0.01471
310000 0.0169635
330000 0.0134414
350000 0.0151472
370000 0.0159321
390000 0.0168884
410000 0.0239922
430000 0.0235116
450000 0.0219365
470000 0.0205712
490000 0.028404
510000 0.0297836
530000 0.0228614
550000 0.0255104
570000 0.0295555
590000 0.0257198
610000 0.029649
630000 0.0269512
650000 0.0314426
670000 0.0291709
690000 0.0413729
710000 0.042965
730000 0.0386688
750000 0.034915
770000 0.0405849
790000 0.0349807
810000 0.035445
830000 0.0375914
850000 0.0386329
870000 0.0495277
890000 0.0424824
910000 0.0397836
930000 0.04034
950000 0.0429315
970000 0.0476641
990000 0.0452864
