143 108
131 153
122 156
121 106
124 88
121 84
117 77
93 65
90 61
98 52
96 32
94 18
107 20
126 21
115 22
113 29
116 67
126 62
155 49
153 47
133 33
140 22
158 29
166 15
161 39
162 56
165 50
169 75
146 75
113 99
105 111
99 122
79 158
85 126
81 119
76 112
72 113
64 123
38 149
40 120
27 116
20 94
24 70
36 75
40 69
34 39
44 40
50 54
54 84
88 71
83 65
63 44
58 35
58 37
58 38
74 9
57 8
44 6
39 0
30 1
13 8
10 12
30 32
1 55
12 98
8 102
2 150
22 156
8 176
19 175
35 172
39 171
44 162
44 168
47 176
51 180
72 170
89 166
99 171
106 161
125 164
137 163
145 170
148 163
143 149
145 106
148 89
153 84
170 135
157 111
143 108
