83 149
67 134
88 101
59 102
55 117
41 97
40 94
68 93
70 83
77 56
92 55
109 71
101 94
117 118
96 172
93 193
105 195
135 199
147 198
130 174
122 172
115 158
123 160
158 145
160 148
175 159
172 176
163 175
151 162
153 200
165 181
188 176
194 157
185 140
185 142
149 135
131 129
123 123
121 121
153 51
149 5
155 3
190 17
189 6
186 21
171 58
172 79
192 79
188 114
180 120
151 115
146 117
127 121
123 108
123 85
127 46
146 18
118 31
116 4
109 29
87 29
76 37
58 4
47 46
45 48
65 55
66 58
57 81
39 80
40 79
30 64
22 21
27 31
39 45
33 0
27 14
15 4
13 44
15 48
6 63
22 86
22 104
5 106
14 152
3 158
4 158
2 195
25 193
22 169
22 129
24 117
27 115
41 115
42 121
46 143
50 169
47 195
60 169
64 177
90 190
83 149
