58 133
58 145
69 155
80 159
72 140
68 144
72 123
78 112
73 109
33 153
13 154
12 152
1 96
13 89
22 88
38 66
10 38
11 30
26 5
27 11
34 26
51 56
63 30
51 3
54 2
71 2
81 7
82 22
97 19
108 13
115 11
136 29
159 2
139 66
144 71
148 81
155 103
155 105
160 112
152 107
148 131
159 132
153 146
138 129
138 123
137 130
124 159
111 160
96 154
108 152
114 154
125 126
119 127
128 109
136 112
140 105
140 74
118 89
136 63
121 38
114 16
105 20
92 71
112 91
107 52
101 50
90 33
65 51
81 78
52 62
45 65
40 78
33 95
29 98
21 98
16 99
18 109
32 128
37 121
40 126
58 133
