50000 7.0641e-05
70000 9.5429e-05
90000 0.000127403
110000 0.000130402
130000 0.000200481
150000 0.00024666
170000 0.000227284
190000 0.00016681
210000 0.000175369
230000 0.000187859
250000 0.000205601
270000 0.000218972
290000 0.000231397
310000 0.000254723
330000 0.000272306
350000 0.000280353
370000 0.000333783
390000 0.000313073
410000 0.000312292
430000 0.000346368
450000 0.000360181
470000 0.00040389
490000 0.00040032
510000 0.000412015
530000 0.0008368
550000 0.000473344
570000 0.000428318
590000 0.000480426
610000 0.00049864
630000 0.000473369
650000 0.000516248
670000 0.000498081
690000 0.000558189
710000 0.000583036
730000 0.000592455
750000 0.000634078
770000 0.000569266
790000 0.000633966
810000 0.000648165
830000 0.00064319
850000 0.000615067
870000 0.000704042
890000 0.000729641
910000 0.000873555
930000 0.000757012
950000 0.000782079
970000 0.000789721
990000 0.000804991
