100
160 141
141 155
120 135
72 70
158 62
161 41
55 147
156 54
23 10
63 44
43 100
8 24
23 173
59 199
90 200
54 96
154 144
18 11
145 158
75 129
131 143
131 83
122 103
15 12
161 106
178 102
134 140
17 3
32 154
61 103
8 88
192 97
40 156
89 87
24 52
11 194
16 17
122 6
7 200
86 34
8 140
156 88
95 108
178 170
68 200
140 109
134 154
40 108
121 168
84 71
107 105
54 103
110 56
127 136
30 5
20 12
0 191
17 87
163 93
126 175
108 93
193 106
150 27
68 162
159 117
151 165
49 55
68 28
54 122
33 150
150 163
198 157
114 56
73 2
97 197
43 168
47 181
184 26
168 186
174 100
191 178
85 107
100 18
69 7
27 67
135 129
130 125
81 149
66 94
16 149
144 83
151 151
186 194
1 37
68 40
20 133
173 165
168 139
162 57
82 80
