80
58 133
81 78
29 98
37 121
160 112
121 38
1 96
139 66
136 29
108 13
128 109
124 159
148 131
51 56
40 126
152 107
27 11
155 103
13 154
12 152
21 98
45 65
51 3
13 89
32 128
26 5
10 38
96 154
80 159
148 81
108 152
54 2
159 132
119 127
114 16
68 144
72 140
155 105
136 112
72 123
136 63
22 88
69 155
112 91
40 78
138 129
73 109
125 126
18 109
114 154
140 74
33 95
34 26
153 146
92 71
52 62
78 112
97 19
118 89
63 30
159 2
82 22
71 2
11 30
33 153
16 99
58 145
105 20
137 130
138 123
115 11
81 7
144 71
65 51
111 160
140 105
101 50
107 52
90 33
38 66
