90
143 108
39 0
58 38
166 15
54 84
24 70
79 158
22 156
99 122
133 33
140 22
85 126
13 8
12 98
155 49
107 20
38 149
137 163
1 55
30 1
88 71
165 50
40 69
162 56
50 54
157 111
161 39
153 84
63 44
153 47
64 123
30 32
20 94
169 75
72 113
89 166
57 8
116 67
81 119
145 170
99 171
72 170
8 176
44 40
170 135
44 162
148 163
27 116
44 168
125 164
10 12
35 172
131 153
2 150
58 35
126 21
105 111
126 62
106 161
19 175
143 149
148 89
93 65
74 9
158 29
90 61
39 171
94 18
76 112
113 99
58 37
34 39
146 75
117 77
113 29
47 176
115 22
98 52
121 84
36 75
51 180
96 32
121 106
124 88
44 6
145 106
83 65
40 120
8 102
122 156
